200 105 130
200 168
58 91
162 126
3 126
125 70
176 167
10 108
65 5
17 6
32 139
85 109
160 174
21 173
60 85
64 170
24 37
162 55
153 27
129 171
50 90
76 183
74 125
60 142
81 183
160 133
5 127
99 190
73 188
16 58
166 94
188 167
98 116
104 87
134 39
104 120
11 95
2 61
113 196
74 102
146 98
176 22
120 97
98 77
125 141
45 95
144 176
66 29
123 85
189 159
194 158
169 139
78 70
128 58
16 87
80 63
26 133
73 187
32 33
97 76
184 113
98 68
107 195
105 99
80 42
154 146
200 172
2 119
144 187
121 154
64 122
50 142
40 78
102 14
171 71
178 140
139 70
188 77
17 172
184 167
112 61
36 109
73 59
115 39
100 167
54 151
18 183
178 179
11 78
96 115
12 4
161 113
113 198
57 141
12 159
73 195
59 155
171 188
137 35
161 86
83 171
192 79
104 45
16 181
11 126
144 1
198 15
136 169
168 38
24 27
121 3
18 70
164 159
85 47
27 77
99 199
72 182
4 134
177 165
42 125
72 28
196 29
113 17
101 53
128 171
50 127
46 183
121 59
164 68
160 110
200 47
86 87
80 73
155 60
193 63
133 165
4 149
162 19
62 70
161 11
2 60
74 12
192 33
189 78
96 194
1 127
56 70
49 185
73 90
186 19
176 62
27 6
146 163
147 180
141 119
121 179
69 62
106 197
10 188
125 191
40 24
178 155
53 54
195 142
107 75
48 25
101 173
176 153
180 87
86 38
168 146
24 63
193 140
33 27
2 164
38 135
78 22
170 103
176 113
168 64
147 78
162 101
94 167
91 159
156 127
160 19
192 11
168 21
154 116
25 198
123 47
58 100
152 107
18 150
115 55
19 183
128 81
168 43
147 94
1 123
80 34
106 108
3 182
90 6
170 71
66 171
194 67
106 166
96 163
163 139
25 41
83 191
88 94
136 86
83 102
1 47
93 71
168 154
137 38
107 12
164 71
101 149
176 137
33 50
96 73
16 197
80 159
98 111
26 14
152 111
126 22
113 75
195 189
17 191
105 43
168 179
