100 55 70
43 11
8 39
10 28
86 22
54 63
59 47
83 92
57 84
24 74
27 55
35 79
80 74
65 85
8 3
89 18
91 23
25 70
41 10
40 39
96 43
22 47
59 70
85 55
21 86
30 63
72 34
11 52
41 29
72 63
13 87
81 10
64 73
9 29
76 53
89 44
42 67
3 62
73 27
2 91
57 70
81 30
28 95
82 69
82 31
2 98
64 50
42 47
40 95
58 55
57 78
59 91
19 7
68 78
94 62
16 45
78 63
64 39
9 30
84 79
72 23
65 41
81 2
18 83
50 60
40 55
88 84
96 36
27 23
25 11
72 19
44 93
35 99
29 5
16 70
88 36
84 95
88 47
18 37
4 77
80 12
42 27
88 35
40 33
59 19
18 93
81 89
54 86
77 79
8 11
59 14
8 66
96 29
36 93
80 97
29 55
51 100
75 100
91 77
1 4
43 54
32 51
81 85
58 95
54 55
67 63
45 62
41 68
88 43
56 14
68 23
72 25
10 99
4 60
65 57
56 57
21 95
49 50
52 30
1 46
88 77
58 71
35 37
73 44
82 38
63 87
